settings timebank 10000
settings time_per_move 500
settings player_names player1,player2
settings your_bot player1
settings your_botid 1
update game round 1
update game move 1
update game field 0,0,0,0,0,0,0,0,0,0,0,0,0,0,0,0,0,0,0,0,0,0,0,0,0,0,0,0,0,0,0,0,0,0,0,0,0,0,0,0,0,0,0,0,0,0,0,0,0,0,0,0,0,0,0,0,0,0,0,0,0,0,0,0,0,0,0,0,0,0,0,0,0,0,0,0,0,0,0,0,0
update game macroboard -1,-1,-1,-1,-1,-1,-1,-1,-1
action move 10000
update game round 2
update game move 3
update game field 0,0,1,0,0,0,0,0,0,0,0,0,0,0,0,0,0,2,0,0,0,0,0,0,0,0,0,0,0,0,0,0,0,0,0,0,0,0,0,0,0,0,0,0,0,0,0,0,0,0,0,0,0,0,0,0,0,0,0,0,0,0,0,0,0,0,0,0,0,0,0,0,0,0,0,0,0,0,0,0,0
update game macroboard 0,0,0,0,0,-1,0,0,0
action move 10000
update game round 3
update game move 5
update game field 0,0,1,0,0,0,0,0,2,0,0,0,0,0,0,0,0,2,0,0,0,0,0,0,0,0,0,0,0,0,0,0,0,0,0,1,0,0,0,0,0,0,0,0,0,0,0,0,0,0,0,0,0,0,0,0,0,0,0,0,0,0,0,0,0,0,0,0,0,0,0,0,0,0,0,0,0,0,0,0,0
update game macroboard 0,0,-1,0,0,0,0,0,0
action move 10000
update game round 4
update game move 7
update game field 0,0,1,0,0,0,0,0,2,0,0,0,0,0,0,1,0,2,0,0,0,0,0,0,0,0,0,0,0,0,0,0,0,0,0,1,0,0,0,0,0,0,0,0,0,2,0,0,0,0,0,0,0,0,0,0,0,0,0,0,0,0,0,0,0,0,0,0,0,0,0,0,0,0,0,0,0,0,0,0,0
update game macroboard 0,0,0,0,0,0,-1,0,0
action move 10000
update game round 5
update game move 9
update game field 0,0,1,0,0,0,2,0,2,0,0,0,0,0,0,1,0,2,0,0,0,0,0,0,0,0,0,0,0,0,0,0,0,0,0,1,0,0,0,0,0,0,0,0,0,2,0,0,0,0,0,0,0,0,0,0,1,0,0,0,0,0,0,0,0,0,0,0,0,0,0,0,0,0,0,0,0,0,0,0,0
update game macroboard -1,0,0,0,0,0,0,0,0
action move 10000
update game round 6
update game move 11
update game field 0,0,1,0,0,0,2,0,2,1,0,0,0,0,0,1,0,2,0,0,0,0,0,0,0,0,0,2,0,0,0,0,0,0,0,1,0,0,0,0,0,0,0,0,0,2,0,0,0,0,0,0,0,0,0,0,1,0,0,0,0,0,0,0,0,0,0,0,0,0,0,0,0,0,0,0,0,0,0,0,0
update game macroboard -1,0,0,0,0,0,0,0,0
action move 10000
update game round 7
update game move 13
update game field 0,0,1,0,0,0,2,0,2,1,1,0,0,0,0,1,0,2,0,0,0,0,0,0,0,0,0,2,0,0,0,0,0,0,0,1,0,0,0,0,0,0,0,0,0,2,0,0,2,0,0,0,0,0,0,0,1,0,0,0,0,0,0,0,0,0,0,0,0,0,0,0,0,0,0,0,0,0,0,0,0
update game macroboard 0,0,0,0,0,0,-1,0,0
action move 10000
update game round 8
update game move 15
update game field 0,0,1,0,0,0,2,0,2,1,1,0,0,0,0,1,0,2,0,0,0,0,0,0,0,0,0,2,0,0,0,0,0,0,0,1,2,0,0,0,0,0,0,0,0,2,0,0,2,0,0,0,0,0,0,0,1,0,0,0,0,0,0,1,0,0,0,0,0,0,0,0,0,0,0,0,0,0,0,0,0
update game macroboard -1,-1,-1,2,-1,-1,-1,-1,-1
action move 10000
update game round 9
update game move 17
update game field 0,0,1,0,0,0,2,0,2,1,1,1,0,0,0,1,0,2,0,0,0,0,0,0,0,0,0,2,0,0,0,0,0,0,0,1,2,0,0,0,0,0,0,0,0,2,0,0,2,0,0,0,0,2,0,0,1,0,0,0,0,0,0,1,0,0,0,0,0,0,0,0,0,0,0,0,0,0,0,0,0
update game macroboard 1,0,0,2,0,0,0,0,-1
action move 10000
update game round 10
update game move 19
update game field 0,0,1,0,0,0,2,0,2,1,1,1,0,0,0,1,2,2,0,0,0,0,0,0,0,0,0,2,0,0,0,0,0,0,0,1,2,0,0,0,0,0,0,0,0,2,0,0,2,0,0,0,0,2,0,0,1,0,0,0,0,0,1,1,0,0,0,0,0,0,0,0,0,0,0,0,0,0,0,0,0
update game macroboard 1,0,0,2,-1,0,0,0,0
action move 10000
update game round 11
update game move 21
update game field 0,0,1,0,0,0,2,0,2,1,1,1,0,0,0,1,2,2,0,0,0,0,0,0,0,0,2,2,0,0,0,0,1,0,0,1,2,0,0,0,0,0,0,0,0,2,0,0,2,0,0,0,0,2,0,0,1,0,0,0,0,0,1,1,0,0,0,0,0,0,0,0,0,0,0,0,0,0,0,0,0
update game macroboard 1,0,2,2,0,0,0,0,-1
action move 10000
update game round 12
update game move 23
update game field 0,0,1,0,0,0,2,0,2,1,1,1,0,0,0,1,2,2,0,0,0,0,0,0,0,0,2,2,0,0,0,0,1,0,0,1,2,0,0,0,0,0,0,0,0,2,0,0,2,0,0,0,0,2,0,0,1,0,0,0,0,0,1,1,0,0,0,0,0,1,2,0,0,0,0,0,0,0,0,0,0
update game macroboard 1,0,2,2,-1,0,0,0,0
action move 10000
update game round 13
update game move 25
update game field 0,0,1,0,0,0,2,0,2,1,1,1,0,0,0,1,2,2,0,0,0,0,0,0,0,0,2,2,0,0,0,0,1,0,0,1,2,0,0,1,0,0,0,0,0,2,0,0,2,0,0,0,0,2,0,0,1,0,0,0,2,0,1,1,0,0,0,0,0,1,2,0,0,0,0,0,0,0,0,0,0
update game macroboard 1,-1,2,2,-1,-1,-1,-1,-1
action move 10000
update game round 14
update game move 27
update game field 0,0,1,0,0,1,2,0,2,1,1,1,0,0,0,1,2,2,0,0,0,0,0,0,0,0,2,2,0,0,0,0,1,0,0,1,2,0,0,1,0,0,0,0,0,2,0,0,2,0,0,0,0,2,0,0,1,0,0,0,2,0,1,1,0,0,0,0,0,1,2,0,0,0,0,0,0,0,2,0,0
update game macroboard 1,0,2,2,0,0,-1,0,0
action move 10000
update game round 15
update game move 29
update game field 0,0,1,0,0,1,2,0,2,1,1,1,0,0,0,1,2,2,0,0,0,0,0,0,0,0,2,2,0,0,0,0,1,0,0,1,2,0,0,1,2,0,0,0,0,2,0,0,2,0,0,0,0,2,0,0,1,0,0,0,2,0,1,1,1,0,0,0,0,1,2,0,0,0,0,0,0,0,2,0,0
update game macroboard 1,0,2,2,-1,0,0,0,0
action move 10000
update game round 16
update game move 31
update game field 0,0,1,0,0,1,2,0,2,1,1,1,0,0,0,1,2,2,0,0,0,0,0,0,0,0,2,2,0,0,0,0,1,2,0,1,2,0,0,1,2,1,0,0,0,2,0,0,2,0,0,0,0,2,0,0,1,0,0,0,2,0,1,1,1,0,0,0,0,1,2,0,0,0,0,0,0,0,2,0,0
update game macroboard 1,-1,2,2,-1,-1,-1,-1,-1
action move 10000
update game round 17
update game move 33
update game field 0,0,1,0,0,1,2,0,2,1,1,1,1,0,0,1,2,2,0,0,0,0,0,0,0,0,2,2,0,0,0,0,1,2,0,1,2,0,0,1,2,1,0,0,0,2,0,0,2,0,0,0,0,2,0,0,1,0,0,0,2,0,1,1,1,0,0,0,0,1,2,0,0,0,0,0,0,0,2,2,0
update game macroboard 1,0,2,2,0,0,0,-1,0
action move 10000
update game round 18
update game move 35
update game field 0,0,1,0,0,1,2,0,2,1,1,1,1,0,0,1,2,2,0,0,0,0,0,0,0,0,2,2,0,0,0,0,1,2,0,1,2,0,0,1,2,1,0,0,0,2,0,0,2,0,0,0,0,2,0,0,1,0,0,1,2,0,1,1,1,0,0,0,0,1,2,0,0,0,0,0,0,0,2,2,2
update game macroboard 1,-1,2,2,-1,-1,-1,-1,2
action move 10000
update game round 19
update game move 37
update game field 0,0,1,0,0,1,2,0,2,1,1,1,1,1,0,1,2,2,0,0,0,0,0,0,0,0,2,2,0,0,0,0,1,2,0,1,2,0,0,1,2,1,0,0,0,2,0,0,2,2,0,0,0,2,0,0,1,0,0,1,2,0,1,1,1,0,0,0,0,1,2,0,0,0,0,0,0,0,2,2,2
update game macroboard 1,0,2,2,0,0,0,-1,2
action move 10000
update game round 20
update game move 39
update game field 0,0,1,0,0,1,2,0,2,1,1,1,1,1,0,1,2,2,0,0,0,0,0,0,0,0,2,2,0,0,0,0,1,2,0,1,2,0,0,1,2,1,0,0,0,2,0,0,2,2,0,0,0,2,0,0,1,0,0,1,2,0,1,1,1,0,1,0,2,1,2,0,0,0,0,0,0,0,2,2,2
update game macroboard 1,0,2,2,0,-1,0,0,2
action move 10000
update game round 21
update game move 41
update game field 0,0,1,0,0,1,2,0,2,1,1,1,1,1,0,1,2,2,0,0,0,0,0,0,0,0,2,2,0,0,0,2,1,2,0,1,2,0,0,1,2,1,0,1,0,2,0,0,2,2,0,0,0,2,0,0,1,0,0,1,2,0,1,1,1,0,1,0,2,1,2,0,0,0,0,0,0,0,2,2,2
update game macroboard 1,-1,2,2,2,0,0,0,2
action move 10000
update game round 22
update game move 43
update game field 0,0,1,0,0,1,2,0,2,1,1,1,1,1,1,1,2,2,0,0,0,0,0,0,0,0,2,2,0,0,0,2,1,2,2,1,2,0,0,1,2,1,0,1,0,2,0,0,2,2,0,0,0,2,0,0,1,0,0,1,2,0,1,1,1,0,1,0,2,1,2,0,0,0,0,0,0,0,2,2,2
update game macroboard 1,1,2,2,2,-1,-1,-1,2
action move 10000
update game round 23
update game move 45
update game field 0,0,1,0,0,1,2,0,2,1,1,1,1,1,1,1,2,2,0,0,0,0,0,0,0,0,2,2,0,0,0,2,1,2,2,1,2,0,0,1,2,1,0,1,0,2,0,0,2,2,0,1,0,2,0,0,1,0,0,1,2,0,1,1,1,0,1,0,2,1,2,0,2,0,0,0,0,0,2,2,2
update game macroboard 1,1,2,2,2,1,-1,0,2
action move 10000
update game round 24
update game move 47
update game field 0,0,1,0,0,1,2,0,2,1,1,1,1,1,1,1,2,2,0,0,0,0,0,0,0,0,2,2,0,0,0,2,1,2,2,1,2,0,0,1,2,1,0,1,0,2,0,0,2,2,0,1,0,2,0,0,1,0,0,1,2,0,1,1,1,1,1,0,2,1,2,0,2,0,0,0,2,0,2,2,2
update game macroboard 1,1,2,2,2,1,1,-1,2
action move 10000
update game round 25
update game move 49
update game field 0,0,1,0,0,1,2,0,2,1,1,1,1,1,1,1,2,2,0,0,0,0,0,0,0,0,2,2,0,0,0,2,1,2,2,1,2,0,0,1,2,1,0,1,0,2,0,0,2,2,0,1,0,2,0,0,1,0,2,1,2,0,1,1,1,1,1,1,2,1,2,0,2,0,0,0,2,0,2,2,2
update game macroboard 1,1,2,2,2,1,1,-1,2
action move 10000
update game round 26
update game move 51
update game field 0,0,1,0,0,1,2,0,2,1,1,1,1,1,1,1,2,2,0,0,0,0,0,0,0,0,2,2,0,0,0,2,1,2,2,1,2,0,0,1,2,1,0,1,0,2,0,0,2,2,0,1,0,2,0,0,1,0,2,1,2,0,1,1,1,1,1,1,2,1,2,0,2,0,0,2,2,1,2,2,2
update game macroboard 1,1,2,2,2,1,1,-1,2
action move 10000
